5 presence patterns are 2-regular with m = 8
  new best 2 = 2.0000  pattern=(0, 1, 1, 1, 1, 1, 1) labels=((1, 0), (1, 0), (1, 0), (0, 1), (1, 0), (0, 1)) r=8 t=0
RESULT {"tag": "cycles8", "pool": 3, "best": "2", "hits": 25068, "tested": 40641}
HITOBJ ["2", [0, 1, 1, 1, 1, 1, 1], [[1, 0], [1, 0], [1, 0], [0, 1], [1, 0], [0, 1]], [[0, [0, 1]], [1, [0, 1]], [4, [0, 1]], [5, [0, 1]], [2, [1, 0]], [3, [0, 1]], [6, [1, 0]], [7, [0, 1]]], []]
HITOBJ ["2", [0, 1, 1, 1, 1, 1, 1], [[1, 0], [1, 0], [1, 0], [0, 1], [1, 0], [0, 1]], [[1, [0, 1]], [4, [0, 1]], [5, [0, 1]], [2, [0, 1]], [6, [1, 0]], [7, [0, 1]]], [0]]
HITOBJ ["2", [0, 1, 1, 1, 1, 1, 1], [[1, 0], [1, 0], [1, 0], [0, 1], [1, 0], [0, 1]], [[0, [0, 1]], [4, [0, 1]], [5, [0, 1]], [2, [0, 1]], [6, [1, 0]], [7, [0, 1]]], [1]]
HITOBJ ["2", [0, 1, 1, 1, 1, 1, 1], [[1, 0], [1, 0], [1, 0], [0, 1], [1, 0], [0, 1]], [[0, [0, 1]], [1, [0, 1]], [4, [0, 1]], [5, [0, 1]], [6, [1, 0]], [7, [0, 1]]], [2]]
HITOBJ ["2", [0, 1, 1, 1, 1, 1, 1], [[1, 0], [1, 0], [1, 0], [0, 1], [1, 0], [0, 1]], [[0, [0, 1]], [1, [0, 1]], [4, [0, 1]], [5, [0, 1]], [6, [1, 0]], [7, [0, 1]]], [3]]
HITOBJ ["2", [0, 1, 1, 1, 1, 1, 1], [[1, 0], [1, 0], [1, 0], [0, 1], [1, 0], [0, 1]], [[0, [0, 1]], [1, [0, 1]], [5, [0, 1]], [2, [1, 0]], [3, [0, 1]], [6, [0, 1]]], [4]]
HITOBJ ["2", [0, 1, 1, 1, 1, 1, 1], [[1, 0], [1, 0], [1, 0], [0, 1], [1, 0], [0, 1]], [[0, [0, 1]], [1, [0, 1]], [4, [0, 1]], [2, [1, 0]], [3, [0, 1]], [6, [0, 1]]], [5]]
HITOBJ ["2", [0, 1, 1, 1, 1, 1, 1], [[1, 0], [1, 0], [1, 0], [0, 1], [1, 0], [0, 1]], [[0, [0, 1]], [1, [0, 1]], [4, [0, 1]], [5, [0, 1]], [2, [1, 0]], [3, [0, 1]]], [6]]
HITOBJ ["2", [0, 1, 1, 1, 1, 1, 1], [[1, 0], [1, 0], [1, 0], [0, 1], [1, 0], [0, 1]], [[0, [0, 1]], [1, [0, 1]], [4, [0, 1]], [5, [0, 1]], [2, [1, 0]], [3, [0, 1]]], [7]]
HITOBJ ["2", [0, 1, 1, 1, 1, 1, 1], [[1, 0], [1, 0], [1, 0], [0, 1], [1, 0], [0, 1]], [[1, [0, 1]], [5, [0, 1]], [2, [0, 1]], [6, [0, 1]]], [0, 4]]
HITOBJ ["2", [0, 1, 1, 1, 1, 1, 1], [[1, 0], [1, 0], [1, 0], [0, 1], [1, 0], [0, 1]], [[1, [0, 1]], [4, [0, 1]], [2, [0, 1]], [6, [0, 1]]], [0, 5]]
HITOBJ ["2", [0, 1, 1, 1, 1, 1, 1], [[1, 0], [1, 0], [1, 0], [0, 1], [1, 0], [0, 1]], [[1, [0, 1]], [4, [0, 1]], [5, [0, 1]], [2, [0, 1]]], [0, 6]]
HITOBJ ["2", [0, 1, 1, 1, 1, 1, 1], [[1, 0], [1, 0], [1, 0], [0, 1], [1, 0], [0, 1]], [[1, [0, 1]], [4, [0, 1]], [5, [0, 1]], [2, [0, 1]]], [0, 7]]
HITOBJ ["2", [0, 1, 1, 1, 1, 1, 1], [[1, 0], [1, 0], [1, 0], [0, 1], [1, 0], [0, 1]], [[0, [0, 1]], [5, [0, 1]], [2, [0, 1]], [6, [0, 1]]], [1, 4]]
HITOBJ ["2", [0, 1, 1, 1, 1, 1, 1], [[1, 0], [1, 0], [1, 0], [0, 1], [1, 0], [0, 1]], [[0, [0, 1]], [4, [0, 1]], [2, [0, 1]], [6, [0, 1]]], [1, 5]]
HITOBJ ["2", [0, 1, 1, 1, 1, 1, 1], [[1, 0], [1, 0], [1, 0], [0, 1], [1, 0], [0, 1]], [[0, [0, 1]], [4, [0, 1]], [5, [0, 1]], [2, [0, 1]]], [1, 6]]
HITOBJ ["2", [0, 1, 1, 1, 1, 1, 1], [[1, 0], [1, 0], [1, 0], [0, 1], [1, 0], [0, 1]], [[0, [0, 1]], [4, [0, 1]], [5, [0, 1]], [2, [0, 1]]], [1, 7]]
HITOBJ ["2", [0, 1, 1, 1, 1, 1, 1], [[1, 0], [1, 0], [1, 0], [0, 1], [1, 0], [0, 1]], [[0, [0, 1]], [1, [0, 1]], [5, [0, 1]], [6, [0, 1]]], [2, 4]]
HITOBJ ["2", [0, 1, 1, 1, 1, 1, 1], [[1, 0], [1, 0], [1, 0], [0, 1], [1, 0], [0, 1]], [[0, [0, 1]], [1, [0, 1]], [4, [0, 1]], [6, [0, 1]]], [2, 5]]
HITOBJ ["2", [0, 1, 1, 1, 1, 1, 1], [[1, 0], [1, 0], [1, 0], [0, 1], [1, 0], [0, 1]], [[0, [0, 1]], [1, [0, 1]], [4, [0, 1]], [5, [0, 1]]], [2, 6]]
